		Q05655	P08865	O15230	Q92934	O95631	P07942	Q9BST9	Q04917	Q06124	P10275	P42338	P11047	P56537	P48509	P12931	P08670	P25391	P15924	P35568	Q03001	P08581	P62258	Q32MK0	A8K7I4	P48736	P31749	Q13153	P63104	P42336	O15350	O00459	P27348	P07947	Q16787	Q15149	Q13751	P23229	Q9UQC9	P31947	Q05397	Q96RT1	Q13541	Q9Y4H2	P16144	P06730	P04626	P55268	P00533	P00519	Q04912	P42574	P27986	P06241	P62993	P17252	Q92569	P31946	P29323	O00329	P24043	P61586	P42345	P63000	P29353	Q13753	Q9UMD9	
Q05655	0		0		0		0		0		0		0		0		0		0		0		0		0		0		0		0		0		0		0		0		0		0		0		0		0		0		0		0		0		0		0		0		0		0		0		0		1		0		0		0		0		0		0		1		0		0		0		0		0		0		0		0		0		0		0		0		0		0		0		0		0		0		0		0		0		0		
P08865	0		0		0		0		0		0		0		0		0		0		0		0		0		0		0		0		0		0		0		0		0		0		0		0		0		0		0		0		0		0		0		0		0		0		0		0		1		0		0		0		0		0		0		0		0		0		0		0		0		0		0		0		0		0		0		0		0		0		0		0		0		0		0		0		0		0		
O15230	0		0		0		0		0		1		0		0		0		0		0		1		0		0		0		0		0		0		0		0		0		0		0		0		0		0		0		0		0		0		0		0		0		0		0		0		1		0		0		0		0		0		0		1		0		0		1		0		0		0		0		0		0		0		0		0		0		0		0		0		0		0		0		0		0		0		
Q92934	0		0		0		0		0		0		0		0		0		0		0		0		0		0		0		0		0		0		0		0		0		0		0		0		0		0		0		0		0		0		0		0		0		0		0		0		0		0		0		0		0		0		0		0		0		0		0		0		0		0		0		0		0		0		0		0		0		0		0		0		0		0		0		0		0		0		
O95631	0		0		0		0		0		0		0		0		0		0		0		0		0		0		0		0		0		0		0		0		0		0		0		0		0		0		0		0		0		0		0		0		0		0		0		0		1		0		0		0		0		0		0		1		0		0		0		0		0		0		0		0		0		0		0		0		0		0		0		0		0		0		0		0		0		0		
P07942	0		0		1		0		0		0		0		0		0		0		0		1		0		0		0		0		1		0		0		0		0		0		0		0		0		0		0		0		0		0		0		0		0		0		0		0		1		0		0		0		0		0		0		1		0		0		0		0		0		0		0		0		0		0		0		0		0		0		0		1		0		0		0		0		0		0		
Q9BST9	0		0		0		0		0		0		0		0		0		0		0		0		0		0		0		0		0		0		0		0		0		0		0		0		0		0		0		0		0		0		0		0		0		0		0		0		0		0		0		0		0		0		0		0		0		0		0		0		0		0		0		0		0		0		0		0		0		0		0		0		1		0		0		0		0		0		
Q04917	0		0		0		0		0		0		0		0		0		0		0		0		0		0		0		0		0		0		0		0		0		0		0		0		0		0		0		0		0		0		0		0		0		0		0		0		0		0		0		0		0		0		0		0		0		0		0		0		0		1		0		0		0		0		0		0		0		0		0		0		0		0		0		0		0		0		
Q06124	0		0		0		0		0		0		0		0		0		0		0		0		0		0		0		0		0		0		0		0		0		0		0		0		0		0		0		0		0		0		0		0		0		0		0		0		0		0		0		0		0		0		0		1		0		0		0		0		0		0		0		0		0		0		0		0		0		0		0		0		0		0		0		0		0		0		
P10275	0		0		0		0		0		0		0		0		0		0		0		0		0		0		0		0		0		0		0		0		0		0		0		0		0		0		0		0		0		0		0		0		0		0		0		0		0		0		0		0		0		0		0		0		0		0		0		1		0		0		0		0		0		0		0		0		0		0		0		0		0		0		0		0		0		0		
P42338	0		0		0		0		0		0		0		0		0		0		0		0		0		0		0		0		0		0		0		0		0		0		0		0		1		0		0		0		1		0		1		0		0		0		0		0		0		0		0		0		0		0		0		1		0		0		0		0		0		0		0		1		0		0		0		1		0		0		1		0		0		0		0		0		0		0		
P11047	0		0		1		0		0		1		0		0		0		0		0		0		0		0		0		0		1		0		0		0		0		0		0		0		0		0		0		0		0		0		0		0		0		0		0		0		1		0		0		0		0		0		0		1		0		0		1		0		0		0		0		0		0		0		0		0		0		0		0		1		0		0		0		0		0		0		
P56537	0		0		0		0		0		0		0		0		0		0		0		0		0		0		0		0		0		0		0		0		0		0		0		0		0		0		0		0		0		0		0		0		0		0		0		0		0		0		0		0		0		0		0		1		0		0		0		0		0		0		0		0		0		0		0		0		0		0		0		0		0		0		0		0		0		0		
P48509	0		0		0		0		0		0		0		0		0		0		0		0		0		0		0		0		0		0		0		0		0		0		0		0		0		0		0		0		0		0		0		0		0		0		0		0		1		0		0		0		0		0		0		0		0		0		0		0		0		0		0		0		0		0		0		0		0		0		0		0		0		0		0		0		0		0		
P12931	0		0		0		0		0		0		0		0		0		0		0		0		0		0		0		0		0		0		0		0		0		0		0		0		0		0		0		0		0		0		0		0		0		0		0		0		0		0		0		1		0		0		0		0		0		0		0		0		0		0		0		0		0		0		0		0		0		0		0		0		0		0		0		0		0		0		
P08670	0		0		0		0		0		0		0		0		0		0		0		0		0		0		0		0		0		0		0		0		0		0		0		0		0		0		0		0		0		0		0		0		0		0		0		0		0		0		0		0		0		0		0		1		0		0		0		0		0		0		0		0		0		0		0		0		0		0		0		0		0		0		0		0		0		0		
P25391	0		0		0		0		0		1		0		0		0		0		0		1		0		0		0		0		0		0		0		0		0		0		0		0		0		0		0		0		0		0		0		0		0		0		0		0		1		0		0		0		0		0		0		1		0		0		0		0		0		0		0		0		0		0		0		0		0		0		0		0		0		0		0		0		0		0		
P15924	0		0		0		0		0		0		0		0		0		0		0		0		0		0		0		0		0		0		0		0		0		0		0		0		0		0		0		0		0		0		0		0		0		0		0		0		0		0		0		0		0		0		0		0		0		0		0		0		0		0		0		0		0		0		0		0		0		0		0		0		0		0		0		0		0		1		
P35568	0		0		0		0		0		0		0		0		0		0		0		0		0		0		0		0		0		0		0		0		0		0		0		0		0		0		0		0		0		0		0		0		0		0		0		0		0		0		0		0		0		0		0		0		0		0		0		0		0		0		0		1		0		0		0		0		0		0		0		0		0		0		0		0		0		0		
Q03001	0		0		0		0		0		0		0		0		0		0		0		0		0		0		0		0		0		0		0		0		0		0		0		0		0		0		0		0		0		0		0		0		0		0		0		0		0		0		0		0		1		0		0		1		0		0		0		0		0		0		0		0		0		0		0		0		0		0		0		0		0		0		0		0		0		1		
P08581	0		0		0		0		0		0		0		0		0		0		0		0		0		0		0		0		0		0		0		0		0		0		0		0		0		0		0		0		0		0		0		0		0		0		0		0		0		0		0		0		0		0		0		1		0		0		0		0		0		0		0		0		0		0		0		0		0		0		0		0		0		0		0		0		0		0		
P62258	0		0		0		0		0		0		0		0		0		0		0		0		0		0		0		0		0		0		0		0		0		0		0		0		0		0		0		0		0		0		0		0		0		0		0		0		0		0		0		0		0		0		0		0		0		0		0		0		0		1		0		0		0		0		0		0		0		0		0		0		0		0		0		0		0		0		
Q32MK0	0		0		0		0		0		0		0		0		0		0		0		0		0		0		0		0		0		0		0		0		0		0		0		0		0		0		0		0		0		0		0		0		0		0		1		0		0		0		0		0		0		0		0		0		0		0		0		0		0		0		0		0		0		0		0		0		0		0		0		0		0		0		0		0		0		0		
A8K7I4	0		0		0		0		0		0		0		0		0		0		0		0		0		0		0		0		0		0		0		0		0		0		0		0		0		0		0		0		0		0		0		0		0		0		0		0		0		0		0		0		0		0		0		1		0		0		0		0		0		0		0		0		0		0		0		0		0		0		0		0		0		0		0		0		0		0		
P48736	0		0		0		0		0		0		0		0		0		0		1		0		0		0		0		0		0		0		0		0		0		0		0		0		0		0		0		0		1		0		1		0		0		0		0		0		0		0		0		0		0		0		0		1		0		0		0		0		0		0		0		1		0		0		0		1		0		0		1		0		0		0		0		0		0		0		
P31749	0		0		0		1		0		0		0		0		0		0		0		0		0		0		0		0		0		0		0		0		0		0		0		0		0		0		0		0		0		0		0		0		0		0		0		0		0		0		0		0		0		0		0		0		0		0		0		0		0		1		0		0		0		0		0		0		0		0		0		0		0		0		0		0		0		0		
Q13153	0		0		0		0		0		0		0		0		0		0		0		0		0		0		0		0		0		0		0		0		0		0		0		0		0		0		0		0		0		0		0		0		0		0		0		0		0		0		0		0		0		0		0		0		0		0		0		0		0		0		0		0		0		0		0		0		0		0		0		0		0		0		1		0		0		0		
P63104	0		0		0		0		0		0		0		0		0		0		0		0		0		0		0		0		0		0		0		0		0		0		0		0		0		0		0		0		0		0		0		0		0		0		0		0		0		0		0		0		0		0		0		0		0		0		0		0		0		0		0		0		0		0		0		0		0		0		0		0		0		0		0		0		0		0		
P42336	0		0		0		0		0		0		0		0		0		0		1		0		0		0		0		0		0		0		0		0		0		0		0		0		1		0		0		0		0		0		1		0		0		0		0		0		0		0		0		0		0		0		0		1		0		0		0		0		0		0		0		1		0		0		0		1		0		0		1		0		0		0		0		0		0		0		
O15350	0		0		0		0		0		0		0		0		0		0		0		0		0		0		0		0		0		0		0		0		0		0		0		0		0		0		0		0		0		0		0		0		0		0		0		0		0		0		0		0		0		0		0		0		0		0		0		0		1		0		0		0		0		0		0		0		0		0		0		0		0		0		0		0		0		0		
O00459	0		0		0		0		0		0		0		0		0		0		1		0		0		0		0		0		0		0		0		0		0		0		0		0		1		0		0		0		1		0		0		0		0		0		0		0		0		0		0		0		0		0		0		1		0		0		0		0		0		0		0		1		0		0		0		1		0		0		1		0		0		0		0		0		0		0		
P27348	0		0		0		0		0		0		0		0		0		0		0		0		0		0		0		0		0		0		0		0		0		0		0		0		0		0		0		0		0		0		0		0		0		0		0		0		0		0		0		0		0		0		0		1		0		0		0		0		0		1		0		0		0		0		0		0		0		0		0		0		0		0		0		0		0		0		
P07947	0		0		0		0		0		0		0		0		0		0		0		0		0		0		0		0		0		0		0		0		0		0		0		0		0		0		0		0		0		0		0		0		0		0		0		0		0		0		0		0		0		0		0		1		0		0		0		0		0		0		0		0		0		0		0		0		0		0		0		0		0		0		0		0		0		0		
Q16787	0		0		0		0		0		0		0		0		0		0		0		0		0		0		0		0		0		0		0		0		0		0		0		0		0		0		0		0		0		0		0		0		0		0		0		1		1		0		0		0		0		0		0		1		0		0		0		0		0		0		0		0		0		0		0		0		0		0		0		0		0		0		0		0		1		0		
Q15149	0		0		0		0		0		0		0		0		0		0		0		0		0		0		0		0		0		0		0		0		0		0		1		0		0		0		0		0		0		0		0		0		0		0		0		0		0		0		0		0		0		0		0		1		0		0		0		0		0		0		0		0		0		0		0		0		0		0		0		0		0		0		0		0		0		1		
Q13751	0		0		0		0		0		0		0		0		0		0		0		0		0		0		0		0		0		0		0		0		0		0		0		0		0		0		0		0		0		0		0		0		0		1		0		0		1		0		0		0		0		0		0		1		0		0		0		0		0		0		0		0		0		0		0		0		0		0		0		0		0		0		0		0		1		0		
P23229	0		1		1		0		1		1		0		0		0		0		0		1		0		1		0		0		1		0		0		0		0		0		0		0		0		0		0		0		0		0		0		0		0		1		0		1		0		0		0		0		0		0		0		1		0		1		1		1		0		0		0		0		0		0		0		0		0		0		0		1		0		0		0		0		1		1		
Q9UQC9	0		0		0		0		0		0		0		0		0		0		0		0		0		0		0		0		0		0		0		0		0		0		0		0		0		0		0		0		0		0		0		0		0		0		0		0		0		0		0		0		0		0		0		1		0		0		0		0		0		0		0		0		0		0		0		0		0		0		0		0		0		0		0		0		0		0		
P31947	0		0		0		0		0		0		0		0		0		0		0		0		0		0		0		0		0		0		0		0		0		0		0		0		0		0		0		0		0		0		0		0		0		0		0		0		0		0		0		0		0		0		0		0		0		0		0		0		0		1		0		0		0		0		0		0		0		0		0		0		0		0		0		0		0		0		
Q05397	0		0		0		0		0		0		0		0		0		0		0		0		0		0		1		0		0		0		0		0		0		0		0		0		0		0		0		0		0		0		0		0		0		0		0		0		0		0		0		0		0		0		0		1		0		0		0		0		0		0		0		0		0		1		0		0		0		0		0		0		0		0		0		0		0		0		
Q96RT1	0		0		0		0		0		0		0		0		0		0		0		0		0		0		0		0		0		0		0		1		0		0		0		0		0		0		0		0		0		0		0		0		0		0		0		0		0		0		0		0		0		0		0		1		0		0		0		0		0		0		0		0		0		0		0		0		0		0		0		0		0		0		0		0		0		0		
Q13541	0		0		0		0		0		0		0		0		0		0		0		0		0		0		0		0		0		0		0		0		0		0		0		0		0		0		0		0		0		0		0		0		0		0		0		0		0		0		0		0		0		0		0		0		1		0		0		0		0		0		0		0		0		0		0		0		0		0		0		0		0		0		0		0		0		0		
Q9Y4H2	0		0		0		0		0		0		0		0		0		0		0		0		0		0		0		0		0		0		0		0		0		0		0		0		0		0		0		0		0		0		0		0		0		0		0		0		0		0		0		0		0		0		0		0		0		0		0		0		0		0		0		1		0		0		0		0		0		0		0		0		0		0		0		0		0		0		
P16144	0		0		1		0		1		1		0		0		1		0		1		1		1		0		0		1		1		0		0		1		1		0		0		1		1		0		0		0		1		0		1		1		1		1		1		1		1		1		0		1		1		0		0		0		0		1		1		1		0		0		0		1		1		0		0		1		1		0		1		1		0		0		0		1		1		1		
P06730	0		0		0		0		0		0		0		0		0		0		0		0		0		0		0		0		0		0		0		0		0		0		0		0		0		0		0		0		0		0		0		0		0		0		0		0		0		0		0		0		0		1		0		0		0		0		0		0		0		0		0		0		0		0		0		0		0		0		0		0		0		0		0		0		0		0		
P04626	0		0		0		0		0		0		0		0		0		0		0		0		0		0		0		0		0		0		0		0		0		0		0		0		0		0		0		0		0		0		0		0		0		0		0		0		1		0		0		0		0		0		0		1		0		0		0		0		0		0		0		1		0		0		0		0		0		0		0		0		0		0		0		0		0		0		
P55268	0		0		1		0		0		0		0		0		0		0		0		1		0		0		0		0		0		0		0		0		0		0		0		0		0		0		0		0		0		0		0		0		0		0		0		0		1		0		0		0		0		0		0		1		0		0		0		0		0		0		0		0		0		0		0		0		0		0		0		1		0		0		0		0		0		0		
P00533	0		0		0		0		0		0		0		0		0		1		0		0		0		0		0		0		0		0		0		0		0		0		0		0		0		0		0		0		0		0		0		0		0		0		0		0		1		0		0		0		0		0		0		1		0		0		0		0		0		0		0		0		0		0		0		0		0		0		0		0		0		0		0		0		0		0		
P00519	0		0		0		0		0		0		0		0		0		0		0		0		0		0		0		0		0		0		0		0		0		0		0		0		0		0		0		0		0		1		0		0		0		0		0		0		0		0		0		0		0		0		0		0		0		0		0		0		0		0		0		0		0		0		0		0		0		0		0		0		0		0		0		0		0		0		
Q04912	0		0		0		0		0		0		0		1		0		0		0		0		0		0		0		0		0		0		0		0		0		1		0		0		0		0		0		1		0		0		0		1		0		0		0		0		0		0		1		0		0		0		0		0		0		0		0		0		0		0		0		0		0		0		0		0		1		0		0		0		0		0		0		0		0		0		
P42574	0		0		0		0		0		0		0		0		0		0		0		0		0		0		0		0		0		0		0		0		0		0		0		0		0		1		0		0		0		0		0		0		0		0		0		0		0		0		0		0		0		0		0		0		0		0		0		0		0		0		0		0		0		0		0		0		0		0		0		0		0		0		0		0		0		0		
P27986	0		0		0		0		0		0		0		0		0		0		1		0		0		0		0		0		0		0		1		0		0		0		0		0		1		1		0		0		1		0		1		0		0		0		0		0		0		0		0		0		0		0		1		1		0		1		0		0		0		0		0		0		0		0		0		1		0		0		1		0		0		0		0		0		0		0		
P06241	0		0		0		0		0		0		0		0		0		0		0		0		0		0		0		0		0		0		0		0		0		0		0		0		0		0		0		0		0		0		0		0		0		0		0		0		0		0		0		0		0		0		0		1		0		0		0		0		0		0		0		0		0		0		0		0		0		0		0		0		0		0		0		0		0		0		
P62993	0		0		0		0		0		0		0		0		0		0		0		0		0		0		0		0		0		0		0		0		0		0		0		0		0		0		0		0		0		0		0		0		0		0		0		0		0		0		0		1		0		0		0		0		0		0		0		0		0		0		0		0		0		0		0		0		0		0		0		0		0		0		0		1		0		0		
P17252	0		0		0		0		0		0		0		0		0		0		0		0		0		0		0		0		0		0		0		0		0		0		0		0		0		0		0		0		0		0		0		0		0		0		0		0		0		0		0		0		0		0		0		1		0		0		0		0		0		0		0		0		0		0		0		0		0		0		0		0		0		0		0		0		0		0		
Q92569	0		0		0		0		0		0		0		0		0		0		1		0		0		0		0		0		0		0		0		0		0		0		0		0		1		0		0		0		1		0		1		0		0		0		0		0		0		0		0		0		0		0		0		1		0		0		0		0		0		0		0		1		0		0		0		0		0		0		1		0		0		0		0		0		0		0		
P31946	0		0		0		0		0		0		0		0		0		0		0		0		0		0		0		0		0		0		0		0		0		0		0		0		0		0		0		0		0		0		0		0		0		0		0		0		0		0		0		0		0		0		0		1		0		0		0		0		0		1		0		0		0		0		0		0		0		0		0		0		0		0		0		0		0		0		
P29323	0		0		0		0		0		0		0		0		0		0		0		0		0		0		0		0		0		0		0		0		0		0		0		0		0		0		0		0		0		0		0		0		0		0		0		0		0		0		0		0		0		0		0		1		0		0		0		0		0		0		0		0		0		0		0		0		0		0		0		0		0		0		0		0		0		0		
O00329	0		0		0		0		0		0		0		0		0		0		1		0		0		0		0		0		0		0		0		0		0		0		0		0		1		0		0		0		1		0		1		0		0		0		0		0		0		0		0		0		0		0		0		1		0		0		0		0		0		0		0		1		0		0		0		1		0		0		0		0		0		0		0		0		0		0		
P24043	0		0		0		0		0		1		0		0		0		0		0		1		0		0		0		0		0		0		0		0		0		0		0		0		0		0		0		0		0		0		0		0		0		0		0		0		1		0		0		0		0		0		0		1		0		0		1		0		0		0		0		0		0		0		0		0		0		0		0		0		0		0		0		0		0		0		
P61586	0		0		0		0		0		0		1		0		0		0		0		0		0		0		0		0		0		0		0		0		0		0		0		0		0		0		0		0		0		0		0		0		0		0		0		0		0		0		0		0		0		0		0		0		0		0		0		0		0		0		0		0		0		0		0		0		0		0		0		0		0		0		0		0		0		0		
P42345	0		0		0		0		0		0		0		0		0		0		0		0		0		0		0		0		0		0		0		0		0		0		0		0		0		0		0		0		0		0		0		0		0		0		0		0		0		0		0		0		0		1		0		0		0		0		0		0		0		0		0		0		0		0		0		0		0		0		0		0		0		0		0		0		0		0		
P63000	0		0		0		0		0		0		0		0		0		0		0		0		0		0		0		0		0		0		0		0		0		0		0		0		0		0		1		0		0		0		0		0		0		0		0		0		0		0		0		0		0		0		0		0		0		0		0		0		0		0		0		0		0		0		0		0		0		0		0		0		0		0		0		0		0		0		
P29353	0		0		0		0		0		0		0		0		0		0		0		0		0		0		0		0		0		0		0		0		0		0		0		0		0		0		0		0		0		0		0		0		0		0		0		0		0		0		0		0		0		0		0		1		0		0		0		0		0		0		0		0		0		1		0		0		0		0		0		0		0		0		0		0		0		0		
Q13753	0		0		0		0		0		0		0		0		0		0		0		0		0		0		0		0		0		0		0		0		0		0		0		0		0		0		0		0		0		0		0		0		0		1		0		1		1		0		0		0		0		0		0		1		0		0		0		0		0		0		0		0		0		0		0		0		0		0		0		0		0		0		0		0		0		0		
Q9UMD9	0		0		0		0		0		0		0		0		0		0		0		0		0		0		0		0		0		1		0		1		0		0		0		0		0		0		0		0		0		0		0		0		0		0		1		0		1		0		0		0		0		0		0		1		0		0		0		0		0		0		0		0		0		0		0		0		0		0		0		0		0		0		0		0		0		0		
